lambda14:~/4009/as2> ./code1 16 y
String X=skguwvonbohydxh

String Y=asvxkpijgqhsnhw

Time: 0
0 0 0 0 0 0 0 0 0 0 0 0 0 0 0 0 
0 0 1 1 1 1 1 1 1 1 1 1 1 1 1 1 
0 0 1 1 1 2 2 2 2 2 2 2 2 2 2 2 
0 0 1 1 1 2 2 2 2 3 3 3 3 3 3 3 
0 0 1 1 1 2 2 2 2 3 3 3 3 3 3 3 
0 0 1 1 1 2 2 2 2 3 3 3 3 3 3 4 
0 0 1 2 2 2 2 2 2 3 3 3 3 3 3 4 
0 0 1 2 2 2 2 2 2 3 3 3 3 3 3 4 
0 0 1 2 2 2 2 2 2 3 3 3 3 4 4 4 
0 0 1 2 2 2 2 2 2 3 3 3 3 4 4 4 
0 0 1 2 2 2 2 2 2 3 3 3 3 4 4 4 
0 0 1 2 2 2 2 2 2 3 3 4 4 4 5 5 
0 0 1 2 2 2 2 2 2 3 3 4 4 4 5 5 
0 0 1 2 2 2 2 2 2 3 3 4 4 4 5 5 
0 0 1 2 3 3 3 3 3 3 3 4 4 4 5 5 
0 0 1 2 3 3 3 3 3 3 3 4 4 4 5 5 
LCS=skgnh
