lambda14:~/4009/as2> ./code2 16 y
bjwicthiczahzdi
kckxsnplwcgcimk
Time 0
0 0 0 0 0 0 0 0 0 0 0 0 0 0 0 0 
0 0 0 0 0 0 0 0 0 0 0 0 0 0 0 0 
0 0 0 0 0 0 0 0 0 0 0 0 0 0 0 0 
0 0 0 0 0 0 0 0 0 1 1 1 1 1 1 1 
0 0 0 0 0 0 0 0 0 1 1 1 1 2 2 2 
0 0 1 1 1 1 1 1 1 1 2 2 2 2 2 2 
0 0 1 1 1 1 1 1 1 1 2 2 2 2 2 2 
0 0 1 1 1 1 1 1 1 1 2 2 2 2 2 2 
0 0 1 1 1 1 1 1 1 1 2 2 2 3 3 3 
0 0 1 1 1 1 1 1 1 1 2 2 3 3 3 3 
0 0 1 1 1 1 1 1 1 1 2 2 3 3 3 3 
0 0 1 1 1 1 1 1 1 1 2 2 3 3 3 3 
0 0 1 1 1 1 1 1 1 1 2 2 3 3 3 3 
0 0 1 1 1 1 1 1 1 1 2 2 3 3 3 3 
0 0 1 1 1 1 1 1 1 1 2 2 3 3 3 3 
0 0 1 1 1 1 1 1 1 1 2 2 3 4 4 4 

LCS=wcci
